500	0.00249855575600629
495	0.00268507433103455
490	0.00285432531941957
485	0.00308394681513881
480	0.00333752846792977
475	0.00353824095052151
470	0.00379472921332947
465	0.00418575728968185
460	0.0045095781283353
455	0.00480948910753796
450	0.00518058042174053
445	0.00553860005673362
440	0.00595228199201872
435	0.00658273328651746
430	0.00722641797743514
425	0.00789758877097844
420	0.00862397596778312
415	0.0095760884207133
410	0.0105973842287639
405	0.0115974559708039
400	0.0128920605406072
395	0.0141644407826934
390	0.0155843028544134
385	0.0171572641765986
380	0.018815025738116
375	0.0207247700489972
370	0.0228188391585447
365	0.0252076255372694
360	0.0276893573565474
355	0.0303645147004149
350	0.0333339862709601
345	0.0363137252460059
340	0.0395076065177365
335	0.0427202529275838
330	0.0463626573693445
325	0.0501636456761127
320	0.0538767042080988
315	0.0583073351756405
310	0.0628311997719584
305	0.0678683376464687
300	0.0733974903662556
295	0.0791942238491573
290	0.0852044550332491
285	0.0915861419320044
280	0.0983465273834903
275	0.104635441026353
270	0.112434060158505
265	0.12140452388927
260	0.128320917322359
255	0.134416965177398
250	0.140041157621666
245	0.145471783500077
240	0.152581475961115
235	0.161121854913077
230	0.16990077045158
