500	0.00239367160716146
495	0.00258649057466459
490	0.002752580590634
485	0.00289827609111728
480	0.00316672783140352
475	0.00333218374475119
470	0.0035720985940868
465	0.00389497863799035
460	0.00418718333371868
455	0.00444466923908103
450	0.00474204854867587
445	0.00504738452129849
440	0.00548673815198748
435	0.0059232113448142
430	0.00648547624738869
425	0.0071012009936298
420	0.00773311683128171
415	0.00859019644449224
410	0.00940450352626745
405	0.010289660405594
400	0.0113673163277065
395	0.0124277810643193
390	0.0135846455153892
385	0.014881134366405
380	0.0163055666888072
375	0.0178434745471241
370	0.0195387442784876
365	0.0214597901893105
360	0.0234440301181686
355	0.0255080124277683
350	0.027785719479908
345	0.0301076635494628
340	0.0325564848603917
335	0.0349604749799268
330	0.0377270630797062
325	0.0405529556935441
320	0.0433636787515391
315	0.0466237716273745
310	0.0500217524229967
305	0.0537141037534084
300	0.0577566393696862
295	0.0619418433956192
290	0.0662276340786534
285	0.0708516001970137
280	0.0756028168877564
275	0.0806928176969326
270	0.0849159650262631
265	0.0911624249784117
260	0.0954716664225557
255	0.0992656406003695
250	0.102885073149387
245	0.106445208074805
240	0.111353482066921
235	0.117343107892933
230	0.123142162046388
