500	5.00629163185039E-4
495	5.69724742570894E-4
490	5.81550850104798E-4
485	6.29033395402375E-4
480	7.61637272610651E-4
475	7.76860373604709E-4
470	8.68415310508034E-4
465	0.00103416099896969
460	0.00117088039784839
455	0.00114853783005568
450	0.00120758976267303
445	0.00131700583721462
440	0.00143835404266521
435	0.00165494350764569
430	0.00184875710329461
425	0.0020540808581749
420	0.00225276743968767
415	0.00263596109863614
410	0.00297064214346297
405	0.00325536718730608
400	0.00370192472104189
395	0.00410988602958615
390	0.00452383943654547
385	0.00502871537237141
380	0.00550280310817602
375	0.00604848264739121
370	0.00667435250863403
365	0.00734381972539329
360	0.00805294955636694
355	0.0088461500712174
350	0.00978348793712766
345	0.0106370059505919
340	0.0116757505476121
335	0.0127115537451432
330	0.0139068458514516
325	0.0151379026936122
320	0.0163708710598895
315	0.0177723476764348
310	0.0191854430820652
305	0.0206488540806094
300	0.0222261705845826
295	0.0239735606520304
290	0.025706675019208
285	0.0277176949819836
280	0.0300000576892642
275	0.0324845198088449
270	0.0341849597890756
265	0.0380314730227478
260	0.0401927157174722
255	0.041739412485862
250	0.0429169831551495
245	0.0438270111527259
240	0.0455901693245325
235	0.0484581773566483
230	0.0519473657442881
