500	9.39401377539469E-4
495	0.00110650804318113
490	0.00119677174151034
485	0.00134010501768498
480	0.00153059781095145
475	0.00157863623037052
470	0.00181325699897833
465	0.00205316714554631
460	0.00224980400007515
455	0.00236548658546198
450	0.00257699025202369
445	0.00289545852243768
440	0.00323069874337935
435	0.0036217878901484
430	0.00395589882447376
425	0.00429027838400592
420	0.00472727783122546
415	0.00531051780643893
410	0.00593175420195726
405	0.00659167461044864
400	0.00735881729996712
395	0.00811873545575161
390	0.00889621381804013
385	0.00984604272961435
380	0.0108239439346913
375	0.0118439522808792
370	0.0130047605680692
365	0.0143257367491955
360	0.0157433401172736
355	0.0173698442583418
350	0.019103861228661
345	0.0208912128280316
340	0.0228415155104126
335	0.0247743479036281
330	0.0269916108917822
325	0.0293907445347055
320	0.0317596146682049
315	0.034652813802025
310	0.0376548920184568
305	0.041039032840625
300	0.0447748417263222
295	0.0486688315058489
290	0.0527442845150662
285	0.0569678451115596
280	0.0614462205079699
275	0.0662123153759002
270	0.0702361917338048
265	0.0764017799248358
260	0.0807894150578061
255	0.0846204855423686
250	0.0883024708976904
245	0.0919417663706336
240	0.0972099838258015
235	0.104634521725886
230	0.114093720375895
