500	-2.50985528590952E-4
495	-1.81189307195666E-4
490	-1.43767865951228E-4
485	-1.16981221784826E-4
480	-7.40513597946145E-5
475	-1.11664684521E-4
470	-4.30294137833585E-5
465	1.0118061485312E-4
460	1.46804565584853E-4
455	7.13480778703E-5
450	5.32143204560621E-5
445	9.89271342491741E-5
440	1.03714195185372E-4
435	1.65640670223875E-4
430	2.30930236082991E-4
425	3.11653165650861E-4
420	4.08790865298627E-4
415	5.95727200277154E-4
410	7.2634345916779E-4
405	7.80457069563358E-4
400	9.02872027465234E-4
395	0.00105777295432448
390	0.00118705075283984
385	0.00131651840338695
380	0.00151814824244758
375	0.00163209995785918
370	0.00185573160930242
365	0.00206578791917921
360	0.00225701820074168
355	0.00242012907864992
350	0.00269467913503948
345	0.0028878160136564
340	0.00315338575689494
335	0.00336851547885568
330	0.00369571591873622
325	0.00398913073114592
320	0.00431043082597246
315	0.00458428429584946
310	0.00494516722693773
305	0.00526900604943756
300	0.00563050997310498
295	0.00601612487309573
290	0.0064355458158541
285	0.00693212408022618
280	0.00747592389154637
275	0.00809515247629177
270	0.00876857614317314
265	0.00933557587539244
260	0.0095919780113461
255	0.00959294409823448
250	0.00964517826626605
245	0.00957009408782064
240	0.0105189952093342
235	0.0134251487797228
230	0.0202910141679787
