500	0.0083720082534725
495	0.00896824849623056
490	0.00951840636780613
485	0.0101416328542785
480	0.0109171595003482
475	0.0116699910626525
470	0.0125359360694785
465	0.0135529533334784
460	0.0146289702913327
455	0.0158027911905913
450	0.0170723270189622
445	0.0185205700333629
440	0.0201580709234281
435	0.0219518419047361
430	0.0239165222565838
425	0.026035923756394
420	0.0283387634576716
415	0.0311379943177012
410	0.0341385387065125
405	0.0373914941231996
400	0.0410254846142699
395	0.0448467700748275
390	0.0488991137998884
385	0.0533803649877829
380	0.0581965453208008
375	0.0636097805374115
370	0.0695945738404362
365	0.0763780468742827
360	0.083666497626541
355	0.0914442820531883
350	0.0999357732377274
345	0.108970585510995
340	0.118425037916139
335	0.127862148268105
330	0.138757043933049
325	0.150106916902014
320	0.161624844233474
315	0.175235823318874
310	0.189377612797151
305	0.205136806531097
300	0.222260456314614
295	0.240305672035758
290	0.258962694791527
285	0.277337575820253
280	0.297250555880037
275	0.318224725878025
270	0.340350374097691
265	0.363661356408962
260	0.383863307935927
255	0.402772328564675
250	0.421243059488153
245	0.441027098169693
240	0.465871587893364
235	0.498082275533711
230	0.539154667299082
