500	0.00897638621306428
495	0.00944581507401835
490	0.00980603001148372
485	0.0102858819569716
480	0.0108695146197951
475	0.0115193896528997
470	0.0121230243829123
465	0.0127590656994329
460	0.0133928155212119
455	0.0142646242996962
450	0.0152370581710879
445	0.0162758167854804
440	0.0174218243537185
435	0.0186835325698938
430	0.0200019277176263
425	0.0214897408240756
420	0.0231072459664828
415	0.0249401694697409
410	0.0269474355201337
405	0.0291530828945216
400	0.0316288445154515
395	0.0342267606037979
390	0.0369368734600574
385	0.0400325966086584
380	0.0433418962791473
375	0.047062315282877
370	0.0511528702867545
365	0.0557166676009707
360	0.0607437937305714
355	0.0660005292828637
350	0.0717298078634453
345	0.0779012737271365
340	0.084450668900101
335	0.0909118357234617
330	0.0985233282188856
325	0.106407333570026
320	0.114452188902118
315	0.12399982098821
310	0.134058561965736
305	0.145233231214469
300	0.15748925212972
295	0.170455044607234
290	0.18409438532987
285	0.198357288864572
280	0.211840628200331
275	0.226982437192173
270	0.242773073209462
265	0.259889128549854
260	0.275109243015396
255	0.289709688267882
250	0.30426566408295
245	0.319449715001112
240	0.338160806763121
235	0.361292409996073
230	0.390651890377615
