500	6.74792214296841E-4
495	7.95406278166185E-4
490	8.97508246701839E-4
485	9.45675183170714E-4
480	0.00111049150617994
475	0.00116538955665931
470	0.00130350782566003
465	0.0015151199568671
460	0.00174093996980276
455	0.00175565038319575
450	0.0019169625491325
445	0.00209934075563905
440	0.00227453981149156
435	0.00258712646026936
430	0.0028133070645139
425	0.00311765069079773
420	0.00348795872259368
415	0.00401224994365647
410	0.00443773144798986
405	0.00483238804488764
400	0.00547113828689628
395	0.006127949889804
390	0.00676150858585814
385	0.00740266976553452
380	0.0079980955155781
375	0.0087398054071045
370	0.00964834050439637
365	0.0106447307926023
360	0.0116986193762188
355	0.0128681089259126
350	0.0142106260992118
345	0.0155440545123105
340	0.0170341666275182
335	0.0184965833403114
330	0.0202434922087354
325	0.0221133171997316
320	0.0239676775435243
315	0.0261418604487297
310	0.0283999297471323
305	0.0308817222497253
300	0.0336597837662502
295	0.0366593405768028
290	0.0398428171177762
285	0.0433170573841428
280	0.0469200536044801
275	0.0506709008763675
270	0.0534662086832246
265	0.0582729559743076
260	0.061389027035774
255	0.0643158248236581
250	0.067055391413318
245	0.0699119291076169
240	0.0740804444108859
235	0.0805654271081987
230	0.0898440544575296
