500	0.00127793887432188
495	0.00135236232654919
490	0.00141114802951244
485	0.00152389049854872
480	0.00161553324133674
475	0.00170400185597756
470	0.00176649858681026
465	0.00198448109027392
460	0.0020978242174725
455	0.00215163533725715
450	0.00224305202424603
445	0.00234886441692889
440	0.00256296468874151
435	0.00278238087679495
430	0.00299679582538556
425	0.00320996693919958
420	0.00345038200869266
415	0.00379284059324591
410	0.0040883251523188
405	0.00435127207811868
400	0.0047771276827388
395	0.0051334724957547
390	0.00553095696682682
385	0.00593793494248787
380	0.00638166314005971
375	0.00682242641993457
370	0.0072910950777666
365	0.0077825156031108
360	0.00824246987692809
355	0.00871031615525379
350	0.0092872617870323
345	0.00975506529580613
340	0.0102835058932989
335	0.0107945870633405
330	0.0114224527238735
325	0.012018517444468
320	0.0126406872393707
315	0.0133367851008182
310	0.0140531445311854
305	0.0148000211961977
300	0.0156725730855597
295	0.0165279961791356
290	0.0175239782972198
285	0.0186012860614088
280	0.0197942026988301
275	0.0209799442234705
270	0.021220297649363
265	0.0233996219830394
260	0.024219954315859
255	0.024809699813301
250	0.025316416651136
245	0.0258083040124754
240	0.027240889397605
235	0.0301157911431996
230	0.0359890838310036
