500	-2.52538338978803E-5
495	3.39174430708392E-5
490	4.63350247985112E-5
485	7.35142255112213E-5
480	1.75822404145122E-4
475	1.53316355994772E-4
470	1.59479085132323E-4
465	3.11393377037345E-4
460	4.17365429141029E-4
455	3.37230298787527E-4
450	3.8089693918367E-4
445	4.06173874542982E-4
440	4.65521296533329E-4
435	4.88460135935434E-4
430	6.15682457804046E-4
425	7.12378845226378E-4
420	8.38947528337033E-4
415	0.00110237381267572
410	0.00127926687698966
405	0.00138873308644645
400	0.00156967553281956
395	0.00176443627175353
390	0.00199059548337228
385	0.00224911277605798
380	0.00256851940352942
375	0.00285133640992885
370	0.00325182641538623
365	0.00368973916501479
360	0.00417446145651544
355	0.00471008426609057
350	0.0053437000722721
345	0.00604975580930515
340	0.0068730308187618
335	0.00768527802493322
330	0.00868973459258353
325	0.00971118883046576
320	0.0107000185890887
315	0.0117696952642195
310	0.01275708179318
305	0.0136076848121211
300	0.014310961415816
295	0.0148414335883634
290	0.0151701630331358
285	0.0154507254518439
280	0.0157456029823645
275	0.0160496645385247
270	0.0163593695946856
265	0.0166917259909673
260	0.0168519674694427
255	0.0170531539764077
250	0.0172060778088758
245	0.0176341085130311
240	0.0189208493573259
235	0.0214169453071013
230	0.0258411506190507
