500	0.0192469385252628
495	0.020125104574119
490	0.0210404577383001
485	0.0219097347152749
480	0.0228027299299484
475	0.0237342253651685
470	0.0247572969361345
465	0.0259616961532161
460	0.0271677745285154
455	0.0284467372927739
450	0.0298626648596356
445	0.0314498971594743
440	0.0332141131297451
435	0.0352833313612839
430	0.03742385643986
425	0.0397559644620429
420	0.0423377144958124
415	0.0453020747385461
410	0.0484330666023372
405	0.0516961971439101
400	0.0554162277961328
395	0.0592105486801408
390	0.0633362592932615
385	0.0678793643982295
380	0.0726717675797994
375	0.0779934910677633
370	0.0837308945639727
365	0.0899496879026898
360	0.096567051772054
355	0.103454809573803
350	0.110791167019309
345	0.118548700435049
340	0.126720808160568
335	0.134865662348267
330	0.144417358261557
325	0.154353371568401
320	0.164521967290335
315	0.176641410880013
310	0.189472011358821
305	0.203909214750495
300	0.219962568716955
295	0.237206738798946
290	0.255440019847442
285	0.273772702931556
280	0.293800501620312
275	0.3148230409035
270	0.33679029565138
265	0.35960866011434
260	0.37906499523131
255	0.396955437584969
250	0.4134835023142
245	0.430541244884238
240	0.451911318517403
235	0.480615303927937
230	0.518238511000676
