500	0.0250485904921846
495	0.0262250637062032
490	0.0273379549002168
485	0.0287154888745779
480	0.0300799791513763
475	0.0316389754796429
470	0.0333376001641796
465	0.0351437490416
460	0.0370006146657566
455	0.0390421360220454
450	0.0413104907769941
445	0.0438150440335382
440	0.0466897997653716
435	0.0499556789674232
430	0.0534753511508004
425	0.0573182540375798
420	0.0617435938558153
415	0.0670036283866026
410	0.0729558993970038
405	0.0795575554141941
400	0.0869393808426384
395	0.0946130932455547
390	0.102893963186009
385	0.112110387663322
380	0.121965693108607
375	0.133106346462947
370	0.145383949599345
365	0.159083525657082
360	0.173835451542416
355	0.189288544413763
350	0.205778005965192
345	0.223133770020244
340	0.241033584972831
335	0.258598408395216
330	0.27848920756516
325	0.29895887992391
320	0.319412320312924
315	0.343702796349223
310	0.368892793220024
305	0.396636378007627
300	0.426278784041885
295	0.455735187856619
290	0.486736903204467
285	0.519136036054471
280	0.553042065903468
275	0.589456947478234
270	0.628901765157213
265	0.669781131766462
260	0.705998086926802
255	0.739017370210218
250	0.770821457914506
245	0.804121951501261
240	0.845523295015622
235	0.894387475683617
230	0.953279707890877
