500	-3.3428214198983E-4
495	-3.60910468903821E-4
490	-3.13127379855746E-4
485	-3.73833189153338E-4
480	-2.83106025895928E-4
475	-2.68633191092879E-4
470	-2.8785078221626E-4
465	-1.7987979404219E-4
460	-1.1396429746986E-4
455	-1.72880763069643E-4
450	-1.92423441903192E-4
445	-2.54150770594046E-4
440	-2.87428840903245E-4
435	-2.05534299320102E-4
430	-1.68210741323945E-4
425	-1.00066812429066E-4
420	-1.19225539772517E-5
415	1.28620393305003E-4
410	1.46814022391695E-4
405	1.19550731783452E-4
400	2.15539170552161E-4
395	3.12872920646473E-4
390	3.23957755310683E-4
385	4.24095549373825E-4
380	4.74309341460545E-4
375	5.1115007360229E-4
370	5.62138752445375E-4
365	6.83801457358365E-4
360	6.3347446672229E-4
355	6.41215033134387E-4
350	7.12998654680102E-4
345	6.91220806007691E-4
340	7.13895056122195E-4
335	7.11149878676796E-4
330	7.2938680128528E-4
325	7.22271928871494E-4
320	6.7596980833462E-4
315	6.34182275654201E-4
310	5.41295932222514E-4
305	4.40623338504072E-4
300	3.69654388675135E-4
295	2.96946648638694E-4
290	2.19122766580649E-4
285	2.26203705763022E-4
280	2.79901968116156E-4
275	3.41599947498291E-4
270	3.17899978809789E-4
265	3.32344954332924E-4
260	-2.90873676367926E-5
255	-4.94510319342647E-4
250	-0.00114943796285544
245	-0.00200367919864741
240	-0.0026062032884415
235	-0.0032293054333065
230	-0.00387723911533453
