500	-3.80217725600779E-6
495	-9.29281226902549E-6
490	1.69301615790086E-5
485	5.72544639471477E-5
480	1.33299998020005E-4
475	1.13266738702259E-4
470	1.50524179395192E-4
465	3.26815058316404E-4
460	3.69345794530036E-4
455	3.5006247066452E-4
450	3.47109696180983E-4
445	3.73573437452679E-4
440	4.0816655393614E-4
435	4.93700696221883E-4
430	6.08264754114268E-4
425	7.09025822537517E-4
420	8.56720316014945E-4
415	0.00108542154087177
410	0.00125680755236459
405	0.00135580184341423
400	0.00155908227328492
395	0.00175012908199122
390	0.00195761503193664
385	0.00223142456237551
380	0.00247221799585193
375	0.00278458166227493
370	0.00320336292333208
365	0.0036455862815809
360	0.00413404145641396
355	0.00459648179382687
350	0.00525877997362425
345	0.00593432231456278
340	0.00676623067837164
335	0.0075509378714624
330	0.00852906826204262
325	0.00949847594816895
320	0.010519193490611
315	0.0115769274484746
310	0.0125653913664551
305	0.01341392087205
300	0.0140814578179498
295	0.0146305065807091
290	0.014994602381805
285	0.0152647103974984
280	0.0155525041682086
275	0.0157890031536213
270	0.0161127676277619
265	0.0165474126459116
260	0.016706208643028
255	0.0168446956325955
250	0.0170078065825603
245	0.0173446867425808
240	0.0186059523634002
235	0.0210716063408763
230	0.0253326590094922
