500	0.00240733393366174
495	0.0025704554307028
490	0.00275136111243172
485	0.00286532976185459
480	0.00315893321114596
475	0.0032928762228546
470	0.00351250781329922
465	0.0038782477572361
460	0.00422566224455293
455	0.00444985624988722
450	0.00478386013397826
445	0.00506573673016709
440	0.00547434510598609
435	0.00596348810251662
430	0.00653256995215061
425	0.00715636896299061
420	0.00779070239684579
415	0.00864986630653956
410	0.00951480982865061
405	0.0103898552022265
400	0.0114250939465436
395	0.0125717525774849
390	0.0137565952344134
385	0.0150963196283479
380	0.0164717803384268
375	0.0180171279213872
370	0.0197203931762232
365	0.0216456603551564
360	0.0236361261203679
355	0.0257328075377812
350	0.0279875040882532
345	0.0303568921369428
340	0.0328184432882547
335	0.0352232999955211
330	0.0380347223509793
325	0.0408836444916485
320	0.0436929163488212
315	0.0469620676633513
310	0.0503708334611295
305	0.0540790158564357
300	0.0581122197644496
295	0.0623128955184402
290	0.0666479009698958
285	0.0712480893623815
280	0.0760100877244796
275	0.0811174383996948
270	0.0853550798816478
265	0.0915377695375256
260	0.0958477195955954
255	0.0996665075298921
250	0.103295894314486
245	0.106950611605282
240	0.111866215948626
235	0.117716265311566
230	0.123543092165653
