500	6.53561816989689E-4
495	7.80211642294275E-4
490	8.20247850415656E-4
485	9.03586767322739E-4
480	0.00107533952524858
475	0.00110085383501862
470	0.001226986097318
465	0.00137652758414451
460	0.00160698401241677
455	0.00158413296769975
450	0.00171754081496854
445	0.00185778704176422
440	0.00199406438090863
435	0.002232978910425
430	0.00246936529395548
425	0.00267870397730364
420	0.00297609345497967
415	0.00337032719049647
410	0.00375127624839926
405	0.0040624939967922
400	0.0045075186987307
395	0.00497236033594254
390	0.00544112505996396
385	0.00600171296293256
380	0.00652572456098404
375	0.00713461911242691
370	0.00779754967731887
365	0.00862269855305922
360	0.00935870542391232
355	0.0102064192782561
350	0.0111999938369135
345	0.0121073639130137
340	0.0131992090688618
335	0.0142112285843729
330	0.0154420758460509
325	0.016729097189482
320	0.0180256316806079
315	0.019564347671821
310	0.0211906510990461
305	0.0230119628113936
300	0.0250155764619172
295	0.0271830639000991
290	0.0294615703716446
285	0.0319491531536685
280	0.0346049060395552
275	0.0373417575854287
270	0.0391362170973605
265	0.0429308722863328
260	0.0451329989185594
255	0.0469619586379441
250	0.0487454854851498
245	0.0504636110561019
240	0.0533207234440723
235	0.0583494680781253
230	0.0661471874923054
