500	0.0112514843505614
495	0.0119261856565289
490	0.0125821744055077
485	0.0134027970282515
480	0.0142768076805012
475	0.0151917566803774
470	0.0162201048367789
465	0.0173700615756676
460	0.0186194392891544
455	0.0198910926705573
450	0.0213030885246691
445	0.022923571829831
440	0.0247550735114989
435	0.0269152028425467
430	0.0292578785455927
425	0.0318443863252279
420	0.0347673485301937
415	0.0382441054449849
410	0.0420658275193923
405	0.0463189872904387
400	0.0511420133609088
395	0.0561779664624697
390	0.0616135046397474
385	0.067734758542981
380	0.0743438420614231
375	0.0817968493892547
370	0.0900901975448882
365	0.0993292843888937
360	0.10929641494702
355	0.11979936706625
350	0.131090464143884
345	0.143045682313535
340	0.15553971455205
335	0.167804422373986
330	0.181927591891238
325	0.196375801270269
320	0.210851982359668
315	0.22792390725083
310	0.245650999885884
305	0.265208245083477
300	0.28634711487054
295	0.308309115714248
290	0.330928431393442
285	0.353535674583065
280	0.378361829010066
275	0.405196091414249
270	0.433994199259931
265	0.464320675655663
260	0.491004805751142
255	0.515897244599954
250	0.539946147818593
245	0.564344169640351
240	0.594568080950208
235	0.63028476877612
230	0.669200770106052
