500	0.00353410346542323
495	0.00391103219865515
490	0.00415707720818209
485	0.00453808546343471
480	0.0049651770481774
475	0.00531189715250083
470	0.00584035623169803
465	0.00644093775586443
460	0.00704365461148781
455	0.00764412126653752
450	0.00835676209062574
445	0.00919282966819671
440	0.0101081646680271
435	0.0111603492671173
430	0.0123354341979977
425	0.0135290316088053
420	0.0149577849631861
415	0.0166156788869283
410	0.0184719165607333
405	0.0204435053945864
400	0.0226933116671085
395	0.0249840047668282
390	0.0274901877044761
385	0.0302630496663225
380	0.0332632371035013
375	0.0365850916588836
370	0.0402947916026891
365	0.0445380034445664
360	0.0491404543173963
355	0.0540437934417681
350	0.0594781465293882
345	0.0652501503043932
340	0.0713698072732662
335	0.0774915649634836
330	0.0847553067396716
325	0.0923337392887437
320	0.100160198395913
315	0.109572310465767
310	0.119532046619385
305	0.130756951463705
300	0.14319492691501
295	0.156466659954885
290	0.170276735662882
285	0.184848813958754
280	0.198732026531805
275	0.21448240469408
270	0.230957239578997
265	0.248355548667551
260	0.262945338575249
255	0.276461823926849
250	0.289638565476279
245	0.303346087785191
240	0.320750907839438
235	0.341931504037386
230	0.367709837943456
